# The symbol counts seqlz's tables for 4 KiB pages are built from: quetschn-seqlz-train --from-counts <this file>
# [--lit-sets] gives the code lengths. Made by quetschn-seqlz-train --corpus train-rz-phone5 --counts,
# 524912 pages, 440898 of them with more than 64 literals, k-means seeds 1 to 32. token, ll and ml: how often
# each symbol occurred, by number; lit: a literal table's pages, then how often each byte
# occurred as a literal on them.
token 3072 343924 219735 86441 54746 358246 34897 38116 22771 126158 83802 7299 6620 31073 6600 4775 76251 0 206642 79336 853133 30772 22474 16114 31427 9284 8806 3211 27921 2328 4131 2147 29476 0 284584 5705211 36564 20821 13514 58724 4916 8249 5903 100800 2642 1885 2339 5847 31583 0 7759654 147397 17941 13613 163959 9811 6293 8141 188989 9182 2866 2269 23322 1560 43900 0 177706 37095 11330 36252 11140 4710 3469 69015 7039 1784 1201 2621 1545 639 20148 0 104340 26454 32278 7879 9015 4450 18535 6817 2136 953 2670 570 711 465 11782 0 130360 141040 5487 12602 13843 97180 3311 5728 2368 11190 503 635 656 11144 13471 0 348200 21334 7575 6475 393096 14373 2222 3230 32378 1921 959 827 11173 3758 13779 0 39516 18262 6426 23770 4035 3265 1441 7861 1896 657 441 2461 558 502 7393 0 39486 16606 73195 4267 3535 2762 5125 2200 1046 628 3159 418 1471 257 5314 0 65087 673907 6019 5064 2445 21380 1354 2151 571 9616 394 357 376 4698 7561 0 1938065 19093 3976 3620 54405 2669 1149 3816 66602 7532 3111 1446 35191 118 8878 0 40473 12267 4326 13057 2990 1975 1190 15437 3566 1541 623 4619 1374 117 4020 0 42589 23852 8822 2250 2510 1271 8342 2882 1287 314 1529 209 311 172 4633 0 23568 69100 2139 4860 2693 35226 1300 2325 4049 8843 318 206 1456 4776 5273 0 160164 5871 2252 3641 31265 2348 1236 2529 76467 3897 846 880 9737 871 3430 0 23882 9074 2749 14442 1882 1140 603 2283 938 374 270 1141 218 113 1813 0 23092 6114 21308 1728 906 808 17990 1074 338 368 1234 329 104 111 1896 0 28111 247097 2108 3861 1219 7009 400 1934 400 8440 277 209 456 992 6078 0 791320 9378 1856 1389 26144 663 376 1906 9978 1522 664 360 3243 91 4319 0 16139 5330 1163 3673 714 622 689 4882 345 232 249 329 82 131 1852 0 16228 3982 3528 937 735 637 2941 1294 350 214 675 142 106 304 1637 0 13403 23796 930 1435 1572 14153 1189 991 211 739 226 83 76 5154 1411 0 51992 2854 955 1577 35154 1808 681 1721 14606 1168 1235 660 20483 140 1090 0 9515 5574 1687 7426 5891 791 513 1650 962 471 234 1439 348 164 1534 0 10798 3612 23858 1617 606 588 1719 453 793 184 1312 673 508 21 1388 0 18869 143192 1968 3721 652 6646 306 743 4799 6139 334 267 1650 170 776 0 261974 6447 939 1017 13017 681 508 1865 92912 4554 1531 488 10202 31 1345 0 13923 4351 1082 1669 4247 1134 578 2299 847 107 47 67 108 16 1547 0 13028 3424 1844 560 814 715 16397 552 3136 82 154 59 68 489 964 0 9291 6076 1311 2383 563 3283 424 311 1130 475 113 110 77 606 728 0 1050396 461650 71842 53406 77748 23718 9077 9882 14882 8125 4250 3714 3356 7821 30117 590 89 203 47 3703 2354 580 180 1607 510 252 111 645 152 344 74 219639 69225 32573 96895 21146 15410 13430 14054 6989 9895 6725 47333 5516 5613 2638 71220 190361 179318 1101729 17869 21175 28118 34564 6519 10849 11094 67121 5026 2698 2662 6697 39331 365236 2077791 93104 16113 28211 54923 10435 8516 9373 52319 5921 2636 1563 8758 1195 39386 2185807 62720 14311 6034 11996 8234 5890 3363 42637 1733 877 737 1691 549 608 10623 278154 10106 2963 5640 4281 4324 3701 4177 726 589 518 1749 372 623 802 9082 81094 6209 23883 11775 10687 7085 12644 1811 630 1220 1130 285 491 345 1290 8921 61241 20072 2684 1960 2672 15302 5103 1388 531 1368 273 226 423 1231 1491 10913 176934 3998 2367 934 4529 1519 776 335 556 99 387 145 440 337 384 3714 36559 3540 1085 2348 260 389 287 439 159 151 72 1749 493 101 43 2094 36603 2027 15408 194 574 141 387 94 257 158 1239 64 249 75 84 923 105892 42453 605 431 2387 708 159 321 338 2563 140 97 90 202 73 4456 787170 2712 652 157 1425 75 269 73 1737 63 103 41 100 29 24 951 63427 441 507 380 227 104 57 440 54 13 32 77 11 48 12 984 23567 571 17847 65 3426 47 318 67 99 51 80 9 27 11 74 375 17147 17870 204 104 720 850 60 40 38 159 6 25 32 113 21 588 73351 287 284 161 926 80 149 49 189 14 23 18 92 11 20 480 11307 395 183 599 117 51 68 159 14 20 12 134 469 7 11 257 16042 578 23080 63 367 85 446 23 43 20 96 9 13 17 9 416 28640 2784 264 150 169 304 46 62 55 239 19 23 13 38 5 322 257839 209 146 46 551 32 49 21 344 22 17 8 40 19 7 365 38175 315 68 249 77 40 33 196 41 22 14 98 37 10 2 220 13921 539 1078 36 221 42 186 32 37 36 70 11 2 7 8 157 10057 708 64 9 114 264 14 16 12 198 26 2 6 19 6 164 23938 239 1917 82 583 31 621 39 38 13 14 5 57 8 5 532 7152 459 37 121 120 30 18 92 8 38 6 36 10 7 3 227 17318 462 1164 89 367 55 81 20 48 13 53 11 0 8 6 213 89925 1692 187 63 135 124 17 9 41 79 5 2 6 6 12 133 377157 2364 136 55 507 34 50 77 305 2 8 3 41 0 29 382 27304 414 30 1435 24 13 21 865 15 25 9 32 15 0 4 302 9166 217 991 33 216 12 77 24 28 24 29 5 32 2 11 395 972713 31041 53360 5918 24445 6211 8338 2991 4720 2835 879 697 976 1374 1043 18739 12165 1198 645 416 4381 921 349 298 1284 419 158 103 2215 197 97 5659 378699 166145 50067 101878 46214 57515 41275 41830 22134 27534 17947 32478 14611 20428 13719 198556 396952 149604 207937 68219 34052 34203 59881 20423 16829 19845 47827 10026 10021 10393 17338 126629 397895 481474 64626 38839 25494 66375 19869 18313 15026 40710 12926 11565 8869 19856 10885 113582 492921 101415 23748 17089 24586 20084 12473 11522 12485 10837 7127 6727 6619 6928 3963 52175 130335 31369 12287 18963 9908 12238 6321 9570 5771 5706 4399 4686 3405 3184 2228 34035 107910 18606 29959 7538 9771 7470 15302 5428 5348 4434 7064 2566 2562 2199 3624 27651 96221 56660 13951 8910 8727 23490 5026 6249 4343 7698 3032 2495 3359 4057 1479 27731 205299 16573 7960 7059 10472 10202 5206 4365 4155 3553 2394 2135 2664 1825 1422 20654 63834 9946 5832 7871 5349 14369 3429 6135 2560 2692 2429 2685 2369 1859 1326 14690 61032 6939 15938 5253 5432 3851 7512 3384 2578 1968 3025 1728 1149 1070 2079 14391 54498 36166 4071 5540 4634 13608 4139 4528 2469 4701 1800 1412 1280 2568 1626 10694 80314 31247 6119 4977 5696 5294 3040 3781 6350 1757 1258 1300 1440 1321 926 11240 41366 7443 3151 5407 3152 2955 2187 3479 1594 1692 925 1334 598 1284 635 9683 40625 10028 6571 2735 3197 2223 6793 1508 1377 1327 2434 1111 601 677 772 6683 38969 19284 3784 2739 3073 9521 2071 1994 1792 3605 2185 1351 824 1748 490 5974 45079 4302 3376 2812 3717 2483 2205 2042 1421 1151 1254 1004 689 663 686 4770 25511 5537 2146 4573 2011 2027 1435 1504 888 1120 748 915 549 399 353 4890 30494 3270 3878 1805 1471 1909 1785 1124 942 730 689 543 437 262 471 4137 20990 9851 2081 2345 2293 4999 1244 1236 1472 1129 634 760 601 597 473 4545 50785 10167 3196 1901 1886 1610 1929 1263 1037 612 576 621 408 262 248 5261 20145 3578 1633 2857 1595 1488 1738 1904 809 580 1117 538 883 331 901 3275 21298 2524 2460 2127 1465 1580 1367 773 1197 405 459 354 365 746 727 3026 18831 4508 1580 1585 1129 2997 663 717 966 583 332 340 199 321 161 3285 47916 2191 1332 2575 1305 857 664 570 1218 302 459 307 160 178 258 4191 27066 2084 1740 1654 1582 1001 713 725 512 363 852 298 198 360 252 3652 28517 1382 2488 2961 1300 845 3165 753 465 326 897 265 749 205 284 5258 13041 2944 1467 1361 1407 2464 1691 755 563 802 419 289 195 234 199 3951 22624 7830 2050 1564 1257 1361 1550 842 1054 460 201 207 224 270 352 8464 11865 2071 793 1339 979 1051 1012 1253 397 631 379 325 187 378 1668 4307 15085 1932 1795 2164 1450 1550 2347 1323 1088 983 1280 897 678 2001 614 6590 285881 39814 21176 36401 25858 17940 12397 12096 9153 8170 4928 4179 4878 6503 4377 39800 87462 7561 1753 1422 13283 3802 1111 964 1045 720 377 307 2390 673 292 5041 471492 228781 70274 147117 79826 105344 62679 64269 29083 36888 24194 32440 19529 26437 18895 174420 395436 84325 186347 44022 42191 40622 67864 20092 19575 17942 27367 18260 13260 12386 12993 93941 318131 276605 40288 39622 29595 51663 17681 16892 13757 23646 9280 7918 9310 14992 4723 61660 386801 39044 20929 18575 22535 17219 12566 11112 11638 7872 6554 5361 7404 4931 3477 38194 147543 29095 12387 19266 12372 11697 7413 8962 5963 5570 4021 4444 4037 2801 2148 23134 101370 14422 18717 8358 10481 8216 18676 6169 5209 3119 6963 2199 2354 2999 2645 17976 85535 29207 9544 8855 9473 23349 6179 4691 2865 7173 2193 2084 1787 3009 1495 14891 124212 11367 8170 6918 10330 5846 3599 2956 3715 2107 1693 1852 2075 1743 1413 11892 74364 9928 5145 9710 5518 3874 2984 3321 1936 2515 1442 2426 1485 1339 1133 8530 60354 6247 11192 4421 3836 3809 22037 4210 3184 1789 4260 1025 1335 876 1897 6416 45313 14499 3751 5065 3824 22035 5978 4534 1978 4384 1533 1311 777 1699 701 6328 68058 5818 3906 3550 4474 4111 2250 1957 3764 1258 2015 774 1757 1355 621 5087 46831 6368 2938 4145 2865 2524 2275 3081 1273 1690 861 1844 1287 645 375 4179 45504 4565 4932 2804 1845 1747 5680 2074 1095 877 2194 1658 650 474 603 3682 29044 8104 3225 2531 2297 3736 1831 1264 700 2481 1816 2300 802 842 319 3014 35440 10621 2940 2252 7831 2069 1209 878 1499 975 1411 1183 594 603 251 3102 23283 4557 2791 2723 2066 1852 1309 1492 768 1201 1243 1495 1112 277 313 2291 30587 3132 3101 1906 1555 1679 1729 663 788 942 1308 1011 734 229 314 2935 20293 5375 3070 1717 1342 4808 1215 1101 752 922 646 1000 629 278 293 2480 52922 2605 1667 1504 1777 1233 1265 1227 890 561 458 322 321 256 176 1847 22395 2530 1532 1832 1229 1232 906 1229 1013 938 369 449 349 734 239 2004 26986 2132 1770 2044 1672 1641 2464 1378 598 1032 559 823 249 179 328 2728 31928 3136 2017 1630 2288 2649 1420 859 499 525 368 481 207 362 110 1368 50582 2354 1479 1348 1429 1139 993 1521 1337 376 236 476 1340 547 212 2868 18450 2414 1180 1601 1443 1287 751 1296 551 459 251 247 1017 538 132 2602 17285 1692 1453 1201 1206 1472 2362 1240 1534 264 355 290 212 291 333 2831 10940 2130 890 1656 1241 1643 2374 1256 706 490 377 506 649 319 177 2836 20626 1590 886 1597 1129 1020 1194 1150 846 523 325 884 302 206 913 4722 11037 1713 1025 1475 1051 1021 938 495 616 372 538 279 267 289 1061 3895 15469 1585 2568 2003 894 929 924 536 1183 389 740 539 743 947 1029 3097 336653 37857 28722 24401 20244 20561 14947 11042 11207 10069 7390 6072 7532 4682 3222 41877 10175 217 197 186 883 37 58 182 1787 27 39 38 321 14 16 3488 192585 74228 51258 520540 32328 30807 10946 23089 8524 9399 5185 36351 4395 5183 2524 72426 166333 193679 3226401 89940 25253 15330 70971 5615 6881 5994 73156 4412 2527 2738 8554 57640 498498 5147782 203784 47770 20366 93381 6983 5916 8212 105202 6993 3620 3033 11351 1522 77280 4065276 117653 19242 6483 14689 9559 3537 4581 78122 6826 1962 1492 3118 1871 841 35964 211591 23015 14460 12109 3770 5634 2416 17881 5965 1866 1603 2176 691 932 627 18451 91712 55081 55229 2767 2543 3848 37994 3345 3544 1686 4801 576 666 788 9709 18377 73425 153818 5248 3443 5260 71967 3901 3343 2260 13682 631 704 750 13319 675 20293 263133 7522 6934 2352 16657 3421 1442 1458 4148 1149 480 508 2729 758 414 9113 85989 7222 6060 30647 2548 2238 1233 3057 1320 1229 420 2848 440 551 314 7823 43474 24870 201197 6994 4239 1883 7748 880 1014 675 6033 480 409 330 1652 7522 71528 554644 16019 11674 2989 22723 1487 1873 1501 17630 706 465 353 2854 167 8117 1047144 19321 1852 1014 3342 2065 663 601 17110 899 467 319 758 275 832 5370 76914 6957 1887 2969 613 2398 426 2517 965 492 203 852 134 277 111 3869 38084 4098 10178 618 608 1327 8182 693 1235 288 2660 151 142 163 1209 3375 21043 22583 1029 838 1145 23272 1355 1751 674 3808 204 245 209 3206 129 3416 61455 1654 974 1383 3778 1702 521 467 1739 402 188 258 722 297 173 1779 11515 12597 1048 6940 706 1349 373 677 552 265 310 646 111 123 68 1876 13379 5256 52384 1105 708 779 2180 207 360 198 1423 136 378 126 204 2393 30935 168166 3097 891 912 9966 332 269 726 3128 342 194 144 516 56 1979 541363 4477 2072 540 615 504 267 337 2083 232 224 90 219 97 315 1912 21859 2207 443 1267 363 546 264 1703 372 191 71 178 46 127 583 1254 15464 1282 2861 326 328 486 2895 427 525 160 303 39 47 51 287 1016 8978 6531 347 348 372 10832 1153 1562 367 1241 155 141 125 2229 87 1183 30483 795 411 1115 1526 1332 374 343 565 99 67 69 308 493 49 1064 5498 1164 1464 3639 464 335 130 251 183 49 105 147 60 74 24 885 7669 2349 48291 1068 374 255 1534 84 199 111 495 38 74 108 77 746 10619 65652 3773 480 475 3089 395 429 271 2009 367 156 85 731 24 809 162415 2474 634 195 418 292 208 204 2784 59 93 29 234 38 39 1569 14430 3812 300 1008 152 318 175 605 170 419 32 95 30 66 20 1685 8839 458 702 535 139 333 1206 209 116 132 118 40 41 101 844 1907 533327 126301 42970 9637 8793 16481 4479 3453 4556 3314 2492 1574 1367 3100 839 10529 74049 832 465 213 1572 114 215 470 1786 120 130 57 464 24 30 1776 224030 88154 52701 416565 30753 36958 16028 32168 8804 15469 6342 29819 5159 7378 3753 66536 157298 108565 1382812 40448 19308 14715 69035 5535 5371 5963 43083 6226 3289 3146 8766 52977 314234 2100598 86996 21594 9889 59294 28955 4707 3843 51476 5674 2093 2011 6898 2443 36072 2899391 64113 11740 5220 13887 6715 2904 4003 50885 7590 1963 1489 8303 1537 1015 17843 215628 22144 7238 16823 5221 3798 2359 20730 3053 1976 1102 2644 843 715 846 16419 80756 35693 37769 6088 3308 3081 44089 4231 4532 2015 8776 793 491 782 6216 13084 79230 53312 4722 3633 5358 47936 6459 3613 1996 8124 1049 571 714 5107 693 10909 218791 6532 4495 3042 14354 2851 1213 1033 2500 1499 662 439 2525 525 411 6280 34055 5607 6567 26109 5507 1803 1021 3322 1236 610 423 2175 326 313 304 5299 36927 10461 122842 6538 3137 1443 26514 3232 2478 1011 6291 450 457 357 1467 6459 47202 168226 9493 3384 1688 27552 5280 4421 1105 8884 698 354 303 1428 189 5535 574201 10101 1952 1301 2200 1310 836 587 7406 522 461 147 1146 165 172 3018 57277 3529 1643 3665 707 1034 470 3546 1837 621 258 1217 150 195 670 2660 36000 5424 9350 814 669 1097 24034 2341 2303 1001 6548 403 168 293 1973 3743 19174 14212 1177 971 1913 25793 4780 3818 1027 8561 835 404 289 2393 230 2472 69631 1425 1050 641 3682 2040 597 620 1522 655 320 359 491 172 94 1369 13214 2945 1323 7103 657 731 927 1072 239 287 371 903 136 184 78 1795 17622 3701 37425 1331 829 678 2100 305 268 234 1388 298 110 77 181 2176 19149 65374 2898 707 556 8489 335 295 308 1170 395 192 131 182 39 1139 359935 4096 968 512 1456 426 326 306 2040 202 196 121 202 68 57 1660 26743 1342 627 1664 1053 420 330 2127 240 248 326 218 89 71 61 1015 14616 1521 7116 420 394 1288 32847 3978 3688 854 4251 68 548 112 1543 746 10734 7369 1046 472 850 42114 7170 5920 1077 3829 303 99 654 2474 120 863 33875 969 535 469 1804 3241 1516 1041 1114 648 96 82 237 109 59 974 7442 1489 3360 4321 838 380 254 891 170 73 85 236 149 136 58 800 9623 3021 18937 1642 401 388 974 330 144 114 710 71 77 45 175 797 8989 27621 2618 453 898 3934 855 468 346 2267 143 155 31 126 37 634 235993 2770 678 498 802 289 233 297 508 97 123 50 92 593 43 622 28374 1225 500 896 258 364 222 780 68 240 69 88 242 58 68 736 9140 1395 1792 991 262 235 901 132 206 150 101 54 168 477 244 896 833726 74700 45995 15746 9235 18132 6632 4061 4021 3646 2860 2075 1506 1562 1200 16717
ll 25 206092 184215 221333 167693 126095 107368 110470 92279 71150 67002 78800 73904 53672 41776 46689 43980 401022 267344 130480 54311 22739 12762 4963 6615 0
ml 25 176227 152309 93009 235779 500830 328338 118565 82038 114335 77326 48121 119034 175965 286276 50076 54360 1087741 794276 604427 312410 171654 117960 86856 113407 0
lit 257 33117 167634 11547 5354 4398 4283 3577 3819 3336 7396 409844 625125 2130 2168 2638 2001 1637 7922 3684 3288 2469 2779 2742 2258 2809 3454 1598 2897 1719 1993 1750 1818 1673 2192181 29422 124180 38523 13070 46867 59293 23176 235659 241956 195725 80716 294173 283768 249208 272602 327639 278281 258207 169327 166832 125757 155822 106929 138873 102220 123446 199660 46921 195707 89226 11831 30302 369292 145798 296464 238725 436300 160855 145023 135011 336774 46878 97751 260376 234578 272791 267505 247603 60322 321670 341121 335326 177346 111828 92303 92881 89285 54677 38030 42585 40332 2605 1028974 15441 1293037 378003 845493 831271 1936604 513126 406619 444369 1311674 67337 231842 815519 593857 1125607 1141762 652902 98407 1215770 1223155 1407612 622540 286008 247049 218066 256111 90332 51863 34066 73121 4100 3045 8114 1464 1176 1113 1128 1133 1266 963 2429 1053 885 847 1141 967 945 1046 3809 1319 1158 1224 1198 776 610 560 1807 1095 624 700 951 900 677 1004 4651 1013 3002 4350 1770 1080 865 655 2361 1195 725 596 877 846 473 603 3250 746 593 660 1515 663 999 584 1827 608 694 766 1422 690 643 523 6172 781 818 4747 822 696 680 494 2119 564 505 443 546 370 543 534 3223 597 569 571 619 549 499 515 1978 746 490 551 780 546 473 593 4428 634 2489 452 627 1386 620 704 2589 801 635 613 797 735 615 585 3493 751 645 862 481 717 489 584 1922 687 545 443 608 738 785 3499
lit 257 31836 10254362 1176566 614915 420783 408597 294253 256887 227152 585475 286015 247025 198713 239441 183503 182895 179113 483441 155848 151967 127136 154785 111921 108903 112523 180145 137526 132474 106342 145838 102742 97748 109158 258343 114417 108512 89452 116223 75149 80429 84237 143849 88317 86663 82334 111181 85303 67782 67827 162975 77192 76208 76329 102729 69059 64673 63224 118421 72156 58632 71964 102053 83435 80063 76131 213777 109126 64548 59830 104547 62022 80093 55882 119132 65408 58016 60103 106065 76339 63482 62100 172086 64782 54878 51222 85579 58487 54989 42349 99971 51736 50528 46367 77858 46433 42260 48859 165090 65365 47491 52755 82118 59424 50439 42858 107116 62601 47496 49666 92194 49865 61471 141035 184092 108810 75506 53047 79413 50978 48482 41939 97289 52942 45575 49451 79060 47544 42486 51636 221059 71802 48930 55460 81482 55717 41337 44736 95026 55312 42836 38243 69849 46538 41981 45628 115267 50976 49017 40661 68097 41008 42409 52465 94826 55323 49599 40498 74142 44273 44997 37886 141148 49249 43663 41515 72134 48204 44404 44138 94977 49238 48849 45321 72498 39358 37163 36015 115973 48558 42759 37613 70218 40011 39227 34451 91113 42338 39595 37679 73471 48242 40098 55450 133733 46389 45341 37354 69737 46035 41942 35249 88218 42106 43107 37322 69623 46212 43125 39033 111968 51111 40785 39065 73592 43604 41864 48110 91254 44430 44115 40342 64566 37982 35980 37189 143237 65706 61905 41237 72248 48364 54510 45410 95047 69113 53510 54346 69370 46052 51368 52348 150999 67104 53751 44482 70748 50920 47574 40433 103825 49381 45958 46694 75834 47682 56393 258618
lit 257 26825 3258639 66494 31327 23528 17773 11113 11606 9815 24143 8204 14439 11063 20297 10386 9701 7486 50546 11994 9393 31491 20274 7895 15745 10370 30869 11908 14531 12949 22124 7289 9036 17045 84387 8071 8700 9444 15033 7741 15305 8742 30757 8913 11208 6689 24890 5581 6697 7726 35782 5278 8458 15855 27512 11323 9323 7119 10205 6495 10866 9503 18098 12110 36987 131562 411000 319428 302356 750174 296046 59955 157512 17795 27124 9127 10781 21167 11005 10535 10068 23722 46189 8379 12144 7124 8797 7731 5498 5209 19399 8898 8917 7091 24526 6841 7354 13741 58684 11447 6633 7889 10859 8286 20157 5428 12199 5730 8751 9108 8635 4309 11327 6189 62524 5428 9967 8427 9386 4824 10378 5541 11202 4993 15538 6537 24187 5475 8403 104177 443039 5749 6644 3592 5746 3751 6680 3954 11557 3353 7234 3433 6683 6604 5988 9104 27011 3792 15882 8188 6144 2351 6525 3645 14320 16594 19294 2890 11981 3346 19154 7243 122006 2746 3875 3472 6410 2766 7101 2391 26138 2094 4206 2424 21984 3604 4619 6610 19943 3681 3995 3795 10035 8420 3357 2314 35350 2853 4134 2789 6115 3412 5009 12433 200232 8272 8571 8185 16294 17282 95906 9790 58565 2414 3558 3384 22815 8505 5435 3162 14741 7078 4552 2969 5103 2638 3825 3326 16673 3245 4126 3622 6187 2063 3149 2654 54932 3158 3926 1973 14449 3392 4287 2518 14068 3089 4735 2826 7253 1896 4497 2538 47355 2802 4533 3395 7913 4343 12775 2445 22071 3244 5029 3742 9194 3403 7237 25146
lit 257 21554 3943927 262431 111963 88502 97882 69285 76009 43886 83322 51034 69612 42830 48596 37121 38862 28942 116307 36363 39065 24487 39501 24024 32598 22599 42165 22510 26727 18852 28220 19767 26611 23014 408079 41197 54689 25137 43647 27994 27307 37854 58661 40852 30614 26535 70558 150565 149585 134846 196749 127912 103806 75123 83592 66753 71142 54413 75695 55715 68651 49083 25968 51702 24620 26493 127255 96298 53228 76997 81220 81220 58587 41152 55956 73019 26845 32875 62905 57968 66793 56761 134192 34067 69168 88533 75088 65795 50419 31075 40764 27386 24550 33115 31752 33786 17669 157768 99917 499084 143781 278262 277333 635874 146636 170741 167052 425098 44791 108362 300805 217168 378352 430927 293598 47212 424249 404997 450715 215482 109297 90220 89014 105380 46794 21551 43762 22191 14589 59258 119696 19265 13730 14053 16853 14285 12327 11854 25140 12514 12240 12989 15414 13705 12795 13955 74985 17939 15000 11447 16769 12597 11656 11137 23896 14827 12896 10885 15652 11674 11704 14228 89354 16961 11919 13067 15599 11738 11920 10954 22498 11087 13032 11226 14223 12046 12231 11715 78265 16734 11861 11885 19809 14264 11840 11336 22979 13156 13225 12876 14431 15213 12984 16611 99538 15403 12883 11504 15482 11035 12410 11516 26892 12504 11840 10202 15922 12775 11151 10927 74780 16158 12152 12103 16614 11231 11444 12412 25384 11754 12663 11744 13754 11839 10394 13742 91740 16257 15193 12016 13790 16588 14070 13847 33639 15690 19619 12532 15730 14198 13406 14641 88358 17798 17592 22088 15324 13724 12947 14848 25391 11471 10861 11376 15001 15865 18360 107885
lit 257 8730 2316170 155031 104359 74096 78066 54723 48214 45377 124729 38903 31459 39040 43776 28573 120126 30101 108376 61423 43997 31306 36436 22057 23817 23139 90068 20242 21267 20602 29836 22660 16877 20908 95679 15788 17206 18957 25951 14338 12960 13839 80672 12909 11971 13497 23790 11232 17857 14002 86957 15864 20821 21220 29433 15326 16962 24384 89077 19080 18522 20355 28346 24583 25861 24095 92020 24967 17898 19384 32449 22473 22486 21690 92971 41156 20922 15906 27799 14035 14734 15349 95591 27136 25367 12911 28287 22301 15597 24984 84407 18747 18144 19601 25987 12913 20351 20727 81948 18077 21106 14051 26837 16590 13615 16323 74880 15287 14479 15141 29016 17900 15828 27285 572384 539824 89386 24008 29277 17542 20882 32188 80263 18887 17054 14392 29963 18752 19756 20388 86478 13869 12642 13064 25582 13562 19908 13621 70732 15443 20198 19512 38729 24656 21607 18439 80012 18255 17946 12236 31116 21999 20697 22438 72020 15054 14698 17730 31525 13070 13468 13798 79500 15422 11600 11461 25657 11332 12552 11756 74636 12927 12261 11590 22640 10952 11584 10810 75368 12264 11282 12056 30232 19131 21780 16284 74388 12569 14253 19971 36324 20527 13666 15506 82410 13854 14224 14768 47558 31261 14794 11838 69222 12541 15607 12000 22991 11557 11860 11796 77737 10934 13460 11565 24055 13748 13415 14430 75608 20089 21667 16647 30254 16902 11110 13118 83242 12552 12745 10757 24388 11743 11819 15203 84680 22611 13056 12445 25941 11361 11522 11635 98086 13969 13114 20384 35835 85248 19059 24488 101092 23770 13438 14178 29045 14407 13581 43181
lit 257 7954 10869 1349 447 247 739 325 380 201 591 665113 43457 1240 630 441 396 325 477 194 155 295 647 131 113 124 270 6652 183 73 209 326 6677 173 17376 204 2103 257 610 177 229 228 543 547 384 192 10037 13058 181556 1499 808804 830536 725682 588160 634655 592105 601017 544490 581806 502654 1056 2858 1136 909 959 89 443 62734 62005 63112 60354 63048 62331 787 693 1028 178 505 971 1148 1329 732 1032 480 574 1231 1065 1089 540 391 283 317 440 449 2210 2713 85 2464 498 19531 15206 14623 13703 17303 16869 1580 1306 3118 180 470 2653 1540 2238 2209 1880 346 2708 2947 3311 1889 1484 945 4497 778 532 358 101 374 81 213 488 188 59 36 56 61 63 122 109 60 84 86 57 93 47 48 303 74 31 47 68 58 61 59 71 94 60 67 46 54 47 100 338 119 42 48 142 76 76 64 90 77 97 477 92 103 38 51 307 88 31 50 68 40 69 27 94 44 45 58 92 46 40 43 401 227 97 130 81 101 53 37 81 110 55 36 46 75 50 28 259 93 50 32 53 33 50 51 87 48 28 51 36 57 47 47 331 143 46 42 59 64 45 50 78 68 45 26 35 60 51 25 292 50 23 42 53 43 26 35 66 71 40 123 42 48 33 232
lit 257 2725 992160 253518 162882 298307 59289 65099 49647 50479 115698 72653 48163 44628 24781 23855 23284 27320 34609 32862 33895 41685 87648 35777 32461 72487 28031 23024 38058 24217 18014 17384 18351 110533 44747 35497 19413 22966 12536 11155 10084 12017 37183 39797 82699 15797 10214 9893 9304 10682 11602 14551 13401 15189 35191 25320 20874 26232 24048 44682 8409 13661 13346 15097 7692 29331 188152 34038 30508 26781 12522 10017 8466 9379 25516 18086 19081 17163 9117 8160 8529 26856 8843 17470 82271 16798 100337 7888 8004 19279 7932 8980 12006 7247 6912 6624 6134 36155 34080 19195 13231 13585 6768 6443 6094 12042 39596 23230 15650 28237 8131 7918 7033 12724 8358 54527 12524 11711 8906 7908 7395 7149 12296 20104 10930 19724 9206 15622 9404 21910 106268 22414 15548 22434 9085 7101 6062 6043 34256 18100 12518 34040 10499 7193 7102 6026 20249 133824 10495 11094 150378 9173 6793 65098 7135 6563 15305 9939 7207 6377 6095 21636 26613 15436 10066 10233 6738 5793 5668 6421 31126 88853 127913 8359 7264 14806 5503 5360 21460 7499 6612 8790 39011 20362 7166 7354 17690 87788 6359 6058 6693 8138 6274 15311 34195 17667 11214 16315 6613 5872 6007 4679 21350 10761 8108 13905 6613 6219 7445 5583 21887 20516 6969 13272 7000 19309 19502 5595 6623 5830 6502 5494 6389 4967 4995 11105 83450 44134 27854 18329 13399 8086 7580 6585 57468 27993 17176 32169 11488 10456 9359 10137 25020 20568 12113 31217 45785 32279 38107 29872 59102 160727 28774 26553 37947 62921 89780 403705
lit 257 845 11121 377 7313 2044 7921 4227 7873 2652 7459 2960 7608 2278 7306 2420 7437 3665 7232 2249 6764 2167 6999 2536 6583 1417 6926 2573 7051 2432 7568 2586 6957 2676 8041 2779 7353 2267 6641 1630 7273 2925 7668 3110 7627 2994 7768 3219 7962 3261 8583 3746 7547 2349 7828 3632 7361 2811 7388 1590 7367 2682 7965 1829 6412 2154 9100 2248 7487 2629 7258 2746 7763 2518 7008 1508 6925 2871 6911 3119 7014 2694 6178 1583 6897 2821 7405 2702 7439 1965 6713 2731 6819 2133 6954 2992 7240 2422 9188 3355 8325 2833 6877 2684 6911 2719 6658 1951 7012 1875 7177 2181 7488 3223 6469 2672 6106 1734 6366 1998 7037 2589 6761 2128 7736 3639 7963 3522 7765 2519 8767 2680 7786 3429 7367 2747 8083 2942 7762 2244 6798 2877 7550 2793 6993 2209 7566 2807 7748 3810 8339 2311 7121 2994 7929 3645 8369 2324 7546 3003 6932 3170 8730 2752 7013 2954 8017 2978 7523 2319 7480 3369 7921 2667 7665 1557 7493 1577 6199 1278 5642 1576 6679 2240 6305 1588 7555 2406 7116 2439 8094 3322 7363 3487 9350 594855 7983 2858 7055 1717 8677 1979 6641 1901 6866 2155 6933 1983 14763 2458 6850 2384 7025 3300 7790 2859 7518 3685 8209 3767 8495 3844 8472 2917 8069 2561 7973 1628 5828 1135 6128 1526 5870 1339 6468 1485 6164 1861 5438 315 5379 747 6025 757 5894 387 5429 692 5395 388 5337 648 5358 206316 201548 193363 6609 1050
