# The symbol counts seqlz's tables for 16 KiB pages are built from: quetschn-seqlz-train --from-counts <this file>
# [--lit-sets] gives the code lengths. Made by quetschn-seqlz-train --corpus emu-a17-16k-a-train --counts,
# 26933 pages, 24940 of them with more than 64 literals, k-means seeds 1 to 32. token, ll and ml: how often
# each symbol occurred, by number; lit: a literal table's pages, then how often each byte
# occurred as a literal on them.
token 3072 19836 33394 12889 7417 53676 2760 1568 1185 14158 1056 2108 670 3499 397 218 8732 0 34487 9684 145587 6693 2668 669 5428 2236 1316 290 4000 506 276 107 4540 0 77377 827632 6325 2914 815 10115 425 1413 394 9501 523 297 140 1501 3681 0 1167264 40076 3652 2114 20567 958 956 1558 10013 546 532 190 2604 99 3888 0 22649 126561 1017 9651 1798 2601 2719 11811 585 138 149 287 89 118 4462 0 6888 8336 6864 1080 789 330 4081 1878 249 131 368 51 100 43 1474 0 5551 36538 523 781 1066 9682 312 1435 238 2232 55 93 76 2995 1368 0 90484 1918 1019 910 76526 1053 371 1129 4763 70 69 56 2557 61 1062 0 4385 8133 2022 11233 1150 451 240 2190 322 107 146 597 76 15 952 0 5946 2425 10170 793 1914 172 917 866 177 67 1048 65 398 24 771 0 9039 97480 557 3182 328 5630 141 914 93 4844 75 174 62 1074 1017 0 202433 5483 1162 441 3657 270 106 964 10110 111 295 71 1347 25 547 0 4096 28584 190 1063 210 308 155 1396 101 1418 43 1042 15 19 414 0 7656 4480 2283 265 1741 75 1485 750 1044 26 351 39 78 13 659 0 2781 13108 162 539 245 4520 93 641 41 1926 40 453 52 2054 3525 0 17399 3017 700 244 12445 123 71 823 2189 161 420 87 1675 92 1027 0 2438 8819 455 1596 126 54 36 640 187 746 78 881 74 350 196 0 3788 922 3310 181 214 59 264 486 1236 131 1354 63 294 52 188 0 2533 35863 226 378 105 1746 60 687 162 5717 112 835 180 1208 406 0 57175 2881 202 369 1671 94 362 914 10496 159 982 78 997 10 247 0 2484 16833 68 556 116 132 92 981 76 112 13 16 24 8 737 0 1257 5330 460 107 277 39 2490 462 380 26 32 1 16 2 119 0 2275 8107 113 107 105 3283 60 485 15 114 6 9 7 133 179 0 5153 743 236 135 1702 94 206 460 110 11 13 3 49 11 87 0 965 3879 117 722 63 58 24 885 23 19 6 63 10 9 61 0 2157 624 3480 84 79 75 63 303 27 4 23 7 3 2 105 0 2407 30014 183 162 79 1051 36 328 18 207 6 15 13 314 107 0 19563 1922 161 90 286 27 10 247 185 9 12 7 346 3 169 0 918 5438 58 217 49 112 31 225 13 6 13 10 3 4 58 0 772 1128 166 88 79 20 101 299 4 33 8 1 18 15 95 0 718 2999 24 244 113 1195 32 238 127 391 4 21 6 86 126 0 130696 119473 8505 6086 6122 10047 1632 3514 3538 1850 356 233 497 450 3233 7 3 7 3 124 23 16 14 63 16 5 8 42 2 11 1 24316 8358 2302 14681 2262 2011 850 2836 967 1517 498 4972 403 583 210 6365 28547 20512 135901 1888 982 3252 4229 464 1007 1363 6947 426 380 313 371 2945 47729 276278 9963 1549 945 6736 1153 902 1148 4353 490 183 102 507 77 2729 382128 12577 1237 329 842 559 940 498 9898 207 46 65 164 53 20 695 22315 1613 319 927 431 233 246 527 95 57 59 114 25 36 21 614 11052 649 2029 165 192 149 2490 58 66 69 81 14 25 21 53 273 6843 2575 200 251 174 784 58 31 15 50 13 18 13 92 9 177 32996 499 209 68 248 23 15 11 66 4 2 3 63 31 17 142 5190 242 74 119 12 32 20 19 1 23 20 74 5 12 10 113 8062 320 1553 14 8 15 44 5 8 23 651 10 9 14 15 90 12477 14444 49 26 5 42 13 15 52 872 51 19 11 17 4 168 148506 237 10 2 14 7 2 11 61 5 3 4 13 7 12 71 11818 11 3 3 7 6 3 23 2 1 3 5 2 0 0 36 5269 8 30 0 3 0 82 2 2 1 9 1 2 1 3 24 3121 170 4 4 6 112 2 6 11 5 1 13 2 4 1 34 11390 1 8 0 64 4 4 2 4 0 3 2 11 1 3 43 2021 9 2 16 1 1 2 3 0 3 1 3 2 4 0 16 3503 6 101 4 2 0 5 1 1 0 2 1 3 0 2 11 4868 188 6 6 10 7 3 2 1 8 4 2 1 2 2 26 41138 13 5 0 19 0 3 1 41 0 0 0 4 3 1 25 6003 39 3 4 0 0 0 4 3 1 0 0 0 13 0 14 3061 3 6 2 1 0 33 2 0 0 2 0 0 0 2 6 1844 22 1 1 0 10 2 0 1 3 0 1 0 1 2 19 6051 2 14 0 5 0 0 1 1 0 0 0 1 0 0 30 1621 7 4 3 0 2 0 3 0 1 0 0 0 0 0 10 3076 8 121 2 4 0 13 0 1 0 0 1 0 0 1 8 5419 269 3 5 3 22 2 0 1 21 0 0 0 2 1 10 44593 31 4 0 3 4 1 1 43 0 0 0 1 0 0 27 3350 2 2 1 1 0 0 2 1 1 0 0 0 0 0 20 2759 12 7 0 2 0 8 0 0 1 1 0 0 0 4 2 170494 1877 309 94 477 197 113 92 501 139 23 67 62 42 56 514 539 38 33 29 403 12 19 8 42 14 12 12 92 7 6 230 22626 18585 3992 13950 2596 5976 2041 6286 1669 3144 1249 3880 836 1560 635 15649 28591 25358 29805 3737 2462 3244 10866 1040 1494 1902 5342 751 707 676 3232 13096 28810 75931 7138 3772 2026 9237 1345 1411 1436 5056 1109 847 734 2038 548 7271 33268 9499 3630 1857 3358 4784 1119 829 4909 1441 906 555 560 654 681 4308 7893 3702 834 2926 1419 1433 610 1469 1125 623 392 796 193 274 183 2712 8528 1232 5488 1785 774 852 2579 349 773 482 1284 197 226 188 881 2356 4617 22057 6298 751 603 2356 345 395 390 718 197 187 146 418 105 1194 9766 922 508 394 935 361 451 255 589 223 141 154 188 73 53 845 4367 778 216 1063 301 404 261 583 231 238 179 271 88 160 64 832 3785 555 1468 376 208 275 1106 211 171 104 496 38 40 53 224 867 2215 3408 276 423 383 754 253 192 197 427 69 70 60 120 51 510 7159 3353 540 401 673 286 330 188 502 166 235 68 84 77 115 578 2549 921 188 562 195 279 138 256 121 1539 97 161 51 64 44 533 2386 544 1044 134 159 124 719 79 158 82 162 66 46 26 144 575 1371 2655 145 224 186 467 195 160 202 177 116 62 71 156 97 466 3073 273 231 211 272 93 128 87 125 116 36 66 122 30 20 432 1357 828 165 231 147 222 56 97 61 48 48 76 36 31 26 420 1510 422 386 138 163 98 172 126 80 45 86 39 32 44 42 502 2008 773 87 122 125 139 75 155 81 91 30 36 20 33 19 238 2183 1524 142 116 162 79 185 126 137 54 49 22 32 30 56 251 954 185 75 212 69 133 37 83 45 71 16 20 9 16 30 199 1118 127 258 92 209 64 220 35 33 9 28 17 24 4 25 463 648 419 91 93 118 151 51 55 31 95 25 10 4 22 27 152 1238 146 104 171 112 40 32 30 33 17 12 14 11 10 6 129 516 161 83 113 41 73 27 40 24 20 15 20 23 11 8 197 745 98 254 118 142 37 48 26 60 11 20 15 7 10 21 145 566 338 36 83 100 114 52 27 54 48 38 4 12 30 9 91 1032 942 207 54 80 49 78 18 47 24 12 13 10 5 12 126 473 113 56 71 33 48 21 29 18 43 46 25 4 11 20 140 479 187 117 32 17 27 107 11 25 13 56 14 4 7 18 113 12097 5882 1194 1206 909 1100 872 426 455 524 190 259 254 130 139 1494 20422 1068 678 324 4088 493 211 92 281 108 131 88 602 64 65 975 49024 38236 6728 26974 5119 9886 3817 10632 3163 5122 2179 4972 1699 1997 999 19453 47522 12198 51017 3709 3400 3871 15020 1590 1882 2334 7256 868 911 1040 3586 13441 35393 58558 4459 5250 2598 8783 1459 1970 1800 4635 901 880 666 1894 435 8061 64371 18930 2449 2478 3508 1681 1024 1734 4262 953 628 477 744 441 385 3695 15825 17251 1653 5357 4547 2539 844 1894 994 775 469 700 329 371 294 2712 11457 2421 8099 2616 1406 845 3291 484 579 370 1237 225 220 222 950 2362 5893 13326 4156 1092 597 1923 425 526 470 631 160 178 162 540 114 1184 15025 1581 641 693 1202 347 450 318 541 307 106 107 292 151 67 639 5709 1367 335 1125 306 415 272 378 227 233 154 336 95 160 38 551 6065 546 1937 255 303 183 825 223 144 193 552 65 92 47 213 741 3004 2491 245 394 214 530 166 222 130 407 83 113 79 115 51 477 8178 1342 288 313 258 284 123 173 432 259 655 101 44 43 43 376 3426 932 179 531 227 279 142 377 150 3970 80 91 43 62 48 419 3963 290 727 210 243 387 618 128 110 108 179 33 52 32 186 418 2016 1048 185 327 203 587 126 139 150 178 83 75 30 152 52 328 4402 424 106 203 236 141 292 64 128 83 96 40 132 39 19 226 3288 3462 647 399 126 1394 107 149 154 61 64 126 67 32 22 271 2199 261 459 154 313 86 180 58 72 73 127 46 23 21 42 192 1805 911 112 114 124 157 44 109 98 150 33 45 33 51 21 190 2003 205 280 140 103 184 140 87 130 65 49 68 26 35 9 189 1112 337 90 383 84 104 118 110 108 63 26 50 29 23 19 113 1308 156 188 105 110 112 231 146 77 40 30 19 21 22 25 178 867 364 94 149 135 252 102 99 35 48 33 31 18 41 9 92 1440 190 116 99 179 109 112 81 74 22 19 12 34 12 9 191 625 293 51 182 86 108 39 64 63 26 6 24 16 7 8 222 1331 211 162 90 161 79 81 46 29 11 32 23 5 7 33 97 936 367 48 96 90 204 34 21 22 28 23 55 17 8 8 145 1762 173 65 82 79 60 40 29 52 73 31 17 5 22 26 181 815 181 35 105 44 31 49 40 64 30 26 21 10 21 20 170 1331 56 72 18 47 31 98 27 23 9 47 18 6 24 15 114 19094 4449 2004 1526 1473 1288 1333 580 908 575 410 254 389 207 174 1659 505 6 8 6 41 2 6 5 71 0 1 0 14 0 1 162 36493 12768 5796 74915 3307 3768 1397 5627 1982 1685 570 6747 637 474 254 9505 100533 28791 477214 12825 4342 2960 14844 832 1029 1393 17287 580 241 427 2415 11246 59622 727131 29773 5874 2768 17013 1461 1055 1280 13954 1016 608 245 2066 138 5898 625222 23359 3259 838 3372 874 790 609 12806 989 352 219 414 236 276 4985 37279 5813 867 4278 714 1286 420 4480 1052 331 326 585 82 207 94 2506 17784 2832 15776 1354 963 755 7155 430 845 299 1557 101 83 174 2127 2960 10383 44157 4068 530 699 11709 597 411 640 2455 87 97 152 3224 90 2447 31175 1613 1467 417 2303 575 215 187 976 290 107 113 409 107 33 1059 4938 1574 873 6597 372 657 136 646 272 101 56 584 22 47 34 851 9306 4310 30672 893 850 229 1914 89 273 112 1686 32 75 72 407 978 7923 95470 4492 2239 356 3110 151 93 346 5209 82 302 173 913 24 867 117081 2997 909 128 312 201 203 169 1391 92 34 36 85 30 13 723 8769 1025 373 664 85 465 41 780 184 222 12 108 16 28 26 283 6855 830 5721 113 737 93 2351 58 205 50 622 22 79 34 452 1031 3466 17415 638 2848 122 4035 176 86 292 1850 114 442 106 2192 37 1511 11320 1081 4115 230 876 103 80 33 304 115 103 67 270 89 39 207 1686 7812 280 2486 76 150 15 175 140 624 45 724 48 368 3 221 4735 1791 11100 223 683 92 358 35 123 85 609 42 133 86 156 218 2747 37138 624 2838 123 742 125 61 198 3342 102 741 143 1206 10 185 41391 629 246 60 179 58 36 42 431 19 15 11 8 13 4 174 2749 754 65 144 29 258 30 294 193 63 15 36 3 5 0 104 1922 90 665 40 51 67 392 29 120 6 66 0 10 1 28 94 758 1163 34 33 33 1017 33 175 110 95 1 8 1 102 6 151 2533 99 318 67 189 57 59 19 135 8 11 2 12 11 4 34 660 395 211 794 37 24 5 58 65 5 3 23 2 9 0 43 1252 294 6446 100 31 68 104 18 51 6 78 3 4 2 23 84 1203 11505 452 165 22 176 9 21 73 114 6 4 1 40 1 61 22642 261 85 24 56 9 10 8 147 5 3 2 4 2 0 85 1640 260 15 39 1 19 8 47 36 7 0 3 1 3 1 53 714 80 403 10 6 41 92 10 43 3 34 1 1 0 20 77 74428 25065 11201 1399 784 2269 1034 252 881 626 209 133 63 174 41 1257 16570 91 45 17 218 20 26 44 274 6 10 11 48 1 6 241 73020 29521 8792 89541 6456 6654 1843 8567 1840 2729 743 7015 789 587 279 12545 78831 20360 332488 8247 9836 4425 30880 1141 1083 927 15067 565 330 475 3876 11277 55979 444530 20294 9883 2629 19931 1127 884 1373 9461 679 300 258 2062 107 5100 600893 12863 2410 1240 4527 874 648 482 8718 712 318 149 516 117 183 3697 50193 44922 1047 7166 1085 1693 726 6826 1031 383 254 411 111 206 116 3117 26017 4544 17181 2237 915 640 8902 862 823 551 2006 113 122 109 2942 2870 14350 25501 4037 1138 829 8592 606 610 624 1564 111 144 119 2034 110 2109 55671 1893 1615 575 4279 640 398 329 1638 394 89 88 1017 112 52 1011 9864 2615 1558 8038 1532 1595 206 1124 585 70 81 908 57 68 35 791 19363 6390 24208 1608 2348 306 2985 604 265 113 1789 103 110 64 506 861 14291 68368 3104 1655 315 3388 177 190 165 1982 91 157 43 377 25 418 125417 3375 683 182 481 285 159 132 1305 128 135 40 275 23 25 366 14260 2944 484 886 70 308 85 647 201 667 36 443 9 17 9 371 15355 4963 4440 165 270 150 1922 94 141 31 453 28 57 26 306 664 6359 7769 611 4439 138 5438 163 663 279 971 56 207 43 1045 24 1988 18135 1257 1427 198 1171 176 113 161 350 76 75 39 217 60 16 261 3894 4369 289 2579 101 319 43 271 107 232 18 277 47 108 5 176 11613 761 8853 271 343 171 1089 134 179 43 386 33 53 26 209 249 3920 10547 896 385 87 573 83 150 207 1428 57 183 91 321 7 144 64032 1151 181 95 215 88 79 227 592 51 45 24 53 16 4 260 6628 1896 46 262 45 468 82 533 77 49 48 38 5 10 10 132 3304 278 928 57 25 115 464 96 101 6 101 4 12 3 72 136 1902 805 108 71 84 1399 48 350 91 143 6 8 5 52 11 136 5577 112 405 126 352 54 47 34 101 11 30 12 67 5 0 38 1606 1091 394 995 90 44 24 107 31 8 8 32 3 3 2 62 3168 336 6783 196 61 62 244 36 50 26 89 8 4 2 84 85 2351 3285 409 120 75 241 27 31 40 153 19 5 3 176 3 120 41852 511 133 66 49 45 14 21 208 7 14 40 31 2 1 133 5283 297 48 121 37 37 21 101 46 10 5 8 2 2 7 67 2896 73 320 69 43 47 104 38 50 26 87 3 1 7 48 97 190562 19826 18860 4054 1956 4138 2504 1496 1354 758 396 229 306 567 215 2287
ll 27 20750 18018 21428 23751 18088 9286 11129 14062 7450 5224 7100 9108 6807 3018 4471 5477 42093 29994 9858 4790 2621 1955 882 771 245 159 0
ml 27 14729 19042 11057 30563 66853 52686 11547 11711 8986 8685 6464 15283 19327 38834 7244 7062 177152 140407 113593 65774 27605 12913 8270 14540 7643 6097 0
lit 257 2158 939038 111288 48656 25987 32992 18567 18627 15009 34269 17821 17212 12612 18311 14700 13917 11615 61912 15136 13893 9806 13611 10380 10831 8979 21828 9484 10008 8248 13031 8139 9376 8803 49217 9844 10930 8133 13037 7979 9021 7950 29702 9367 8822 6938 11507 9568 12220 9118 39851 9392 8755 8142 11427 7546 7917 6546 37598 8942 7669 5919 9880 6718 6261 8338 68972 11947 9209 7868 13226 8016 6457 6450 18973 8669 7706 6092 10939 6664 6986 6213 45249 5976 9309 7024 10619 6826 5424 4896 15307 5619 7301 6097 10162 8465 9201 13853 34199 19182 9150 11358 15355 21493 9217 9309 16603 16036 6488 6692 15836 11168 15031 16356 50360 8174 18550 14402 19970 10757 7462 6501 17648 7480 6319 5683 8445 15679 5998 6420 47022 9369 8219 5660 9960 5912 6049 5330 14555 5596 5341 4609 7870 4358 4631 4605 31853 8453 6023 5353 7752 4780 4744 4076 12990 4927 5078 4264 7367 4266 4104 4221 30288 5662 5379 4840 7745 4748 4536 4170 13717 5433 6220 4513 7623 4419 4506 4436 26450 4282 4165 4124 6924 3967 4021 3989 13356 4169 4292 4043 7778 4210 4150 5471 31537 5339 5154 4534 6871 4712 4668 4435 12777 4704 4533 4230 7625 4623 4542 4668 29493 6293 4433 4110 6755 4026 4381 5497 13524 4002 4916 4245 6930 4448 4250 4251 28195 4554 4445 4026 6794 3961 4685 3928 12295 4173 4544 4034 6654 3621 4643 4237 29544 4305 4124 3839 6554 3958 4004 4142 12717 3972 5528 5317 7790 4614 5897 30986
lit 257 2070 452059 32959 39117 15178 13759 10418 10980 8446 15383 8049 15197 6382 8274 6141 7639 5874 18537 5922 7443 4354 6248 4128 5252 5077 11491 5678 6225 4741 5925 7881 5480 3910 45082 4633 5793 3801 5412 4347 4277 5046 14467 8665 6286 4732 11069 14937 31084 16773 26786 16528 15780 12394 13650 11527 10787 8691 15303 9080 8916 5166 4219 7633 3703 5928 17426 16064 9655 13652 11536 15324 8489 8946 11222 11625 5571 5954 11508 10035 11370 8957 19976 5073 12750 14729 13114 7744 6807 6067 10614 6259 6020 3752 6044 5089 5682 52475 13381 98401 31680 56336 55421 111919 25355 33907 32481 82570 9372 22310 59035 45033 70348 79541 60256 8210 86244 72501 80414 41474 22449 18496 22696 22359 10508 3873 6385 10608 3232 7104 20039 5213 3565 2818 3351 2834 2601 2670 7408 2631 2495 2316 3451 2615 2348 2659 12135 2694 2428 2446 2736 2321 2179 2281 7744 2633 2653 2269 3204 2503 2152 2332 10597 2939 2914 2855 3046 2228 2259 2141 6857 2408 2455 2239 3443 2401 2226 2426 9680 2630 2494 2497 3088 2682 2450 2200 7100 2475 2419 2386 3013 2606 2461 2856 13893 3507 2662 2675 2898 2638 2654 2463 7551 2959 2407 2309 3276 2617 2325 2292 12123 2501 2285 2350 2871 2726 2374 2439 7764 2434 2185 1997 2676 2418 2434 3447 10180 2805 2343 2566 2756 2226 2242 2248 6777 2505 2320 2548 3088 2465 2347 2294 11041 2370 2441 2398 2652 2316 2351 3025 7904 2334 2869 2893 3348 2706 2761 16729
lit 257 1860 142171 10522 7335 6012 5137 5639 5473 4885 11772 4322 4720 4563 4430 4177 4266 4040 68309 4449 4557 3795 4474 3797 3326 3956 10546 3938 4500 3710 4279 3472 3968 3735 70579 3612 3999 3480 3747 3535 3191 3599 11018 3441 3944 3717 4248 4022 4614 4159 66656 3905 3723 3361 3835 3665 3616 3411 10523 3370 3494 3429 3168 3498 3080 3194 72306 4087 3638 3655 3702 4047 3684 3662 10504 3647 3564 3638 3749 3916 3505 3306 67219 3576 3692 3781 3668 3418 3432 3216 9233 3461 3864 3403 3890 3334 3403 3668 69393 5572 3949 3977 4972 5175 3381 3822 10230 5397 3297 3233 5320 4053 4686 5728 65663 3562 5126 5194 5292 4167 3506 3932 11220 3411 3341 3134 3162 5447 3455 3126 70175 3487 3704 3037 3569 3221 3318 3597 10808 3337 3577 3181 3538 3609 3583 2956 65667 3451 4060 2995 3647 3779 3098 3287 9100 3049 3639 3429 3372 3432 2966 3314 66709 3358 3151 2890 3352 3052 2594 3158 8713 2886 3110 2634 3394 3134 3201 3437 65202 2922 3567 3005 3165 3341 3291 2775 10432 2955 2911 2926 2805 2920 2918 3165 67867 3400 3838 2936 3590 3375 3137 3325 10011 3023 3335 3196 3302 3599 3238 3068 63969 3077 3292 3166 3422 3270 3131 3078 9987 2955 2888 2925 2881 2852 2905 3174 65858 3329 2868 3150 3283 3185 2972 3146 9121 3556 3214 2830 3572 3041 3391 3203 64706 3359 2813 2902 3719 3701 2947 3026 10414 3030 3184 3483 3379 3055 4218 8742
lit 257 1802 646706 65580 406484 37168 37572 29452 32764 22192 59940 19604 23172 21218 24004 18637 19535 15368 53261 16037 14878 15470 17852 13196 13133 12482 44318 11998 14041 13842 17567 11745 16576 12097 69210 11489 13199 12461 16905 11373 11653 11368 42989 11274 15932 10732 14263 15733 26541 17600 52379 17026 17665 15566 17647 15472 17091 14048 45909 12619 11719 8527 10234 10514 11356 14531 50657 30874 15688 22517 20304 32710 15332 14340 44187 24023 8984 10630 20212 16067 23236 20692 48340 8287 37885 25032 25301 14397 10932 9011 37805 9384 7982 6543 9352 8794 9143 37690 45021 50444 17028 31531 30876 62238 16251 21160 44416 42208 8614 12987 31484 23018 37635 46442 84433 12888 47671 44912 47698 24082 13671 11763 46608 14754 11055 8901 7304 12239 8257 9538 48778 9164 7559 5567 7463 6024 6608 6511 34919 6118 6378 6289 7550 5987 6599 6584 38915 5938 6213 6338 6447 5594 6252 5591 33446 6616 6187 5570 6690 5535 5899 5825 41252 6866 5874 5653 6428 5820 5795 5274 34395 7236 5840 5574 7174 5954 6022 6245 35110 6158 5930 6040 6898 5872 5686 5353 34351 6597 7246 5589 6249 6044 6351 6793 39008 8361 6205 7541 6005 7159 5815 6221 37041 8006 5535 6090 7054 5703 5591 5247 36192 5190 5628 5014 6256 5217 5177 5272 35159 5268 5573 5355 5979 5272 5268 5791 39714 5679 5839 6735 6059 5350 5272 5153 34343 6638 6327 6218 6222 5534 5682 5206 39432 5766 6728 5531 5848 5617 5518 6156 33608 5083 5761 7102 6811 5880 6237 31213
lit 257 1041 978743 63626 57409 47236 31564 24870 23361 19024 31143 24603 23053 21655 23886 18555 18796 16835 69585 22770 14784 11893 14073 10145 10713 10026 18282 11679 11401 9493 12051 8861 8851 8947 19200 9130 9169 8293 11452 8766 9549 10373 21949 11317 9841 8685 10931 8612 8937 7914 19042 9869 8982 8725 11052 8770 8816 8024 33202 11184 8912 7822 10033 7023 7644 7986 15517 8441 7763 7186 9805 8379 7869 7361 13511 7874 8212 7857 9642 7199 8046 7511 14617 8255 14699 7078 9838 7293 7600 7217 12237 6812 7618 6720 9381 8140 7911 7826 14977 9114 8045 7939 10344 9139 7793 7567 13196 8304 7458 7373 10203 7469 8150 8553 17975 8562 9875 8083 11284 8230 7410 7382 12474 7009 7522 7061 9891 9884 7610 8124 16071 8556 7588 6794 9832 6590 6948 6583 11852 6458 6920 6245 8797 6422 6666 6458 13732 7001 7126 6972 10179 6712 7344 6632 11955 7094 7742 6857 9435 7419 7522 7088 17658 10999 8753 7239 9738 7244 7723 6837 12302 6969 7801 6605 8585 5898 6721 6535 13723 7521 9902 11182 14299 11447 11536 11867 15152 8393 8280 8105 9220 7326 6870 6848 15026 7709 8081 6449 8900 6759 7742 6968 12206 7075 6648 6283 8796 6553 6776 6866 13331 7534 7022 6533 8875 7044 7554 7086 12295 6097 6731 6140 9129 6865 7140 7581 15261 6705 6702 6990 8617 6466 6815 6560 12290 6383 6827 6388 8895 6426 6983 8336 13825 6566 6385 6238 8439 6484 6810 6508 12386 6778 7452 7349 9845 8882 14226 139561
lit 257 702 152545 15860 24950 5200 6080 4477 4664 3648 28280 3657 3836 3582 5380 3965 3769 3455 19438 5039 2910 2648 3808 2776 2496 4073 17052 2637 2552 2042 2540 1796 1921 2050 20834 2250 1762 1680 2231 1743 2011 2097 25336 1699 1748 1800 1947 1475 2758 1710 15500 1691 1632 1503 1810 1293 1493 1420 15204 1601 1552 1260 1658 1230 1222 1722 20752 1664 1512 1689 2091 1437 1272 1258 23829 1320 1474 1387 1909 1367 1290 1251 14823 1315 23004 1625 1495 1266 1267 1202 14687 1144 1210 1145 1682 1561 1386 1654 20591 2500 1362 2069 2328 3231 1409 1943 23672 2713 1315 1392 2956 1754 2329 3106 24272 2477 4037 2599 5150 2613 1502 1265 17119 1589 2129 1884 1390 2218 1481 1891 19037 2015 1670 1144 1786 1179 1097 1803 23977 1225 1381 1207 1699 1218 1352 1408 14741 1199 1204 1715 1399 1137 1488 1228 13071 1316 1191 1097 1545 1202 1205 1378 17409 1523 1080 967 1356 1179 1070 1124 24162 1254 1176 1047 1956 1044 973 1267 15229 1165 983 1237 1420 982 977 894 12661 1321 1296 1042 1387 1118 1148 1232 16724 1411 1036 1160 1245 1451 1174 1118 24617 1231 1092 1288 1817 1085 1059 1104 14245 1086 1094 1043 1702 1078 1235 1275 13338 1033 1050 1105 1412 998 948 1096 18069 1187 1149 1168 1511 1027 1085 1154 23068 1847 1716 1584 1598 1204 1196 1154 17225 1424 1737 1405 1482 1276 1369 1485 12601 1248 1359 2078 1899 1336 1341 6587
lit 257 666 366449 367688 21857 13786 18397 18255 77041 7739 9035 6887 8352 7610 7342 6541 11713 6339 7816 6409 8577 6403 4164 3387 3987 4010 4887 4602 4147 3264 3757 3743 1879 3181 4939 2281 1679 1545 2249 1697 1608 1782 2494 1319 1789 1767 2561 2760 3338 2427 6205 2708 2462 2247 2473 2032 2178 2134 3026 1897 2377 1965 2517 2209 2399 3039 5266 3328 2513 2859 3338 2933 2394 2609 3282 2624 2195 2361 2847 2236 2759 2433 5584 2520 2751 2853 2716 2444 2197 2039 3100 2019 2409 2246 2738 2554 3737 5142 4841 5996 3218 4163 4324 5924 3414 3462 4328 4914 3303 3581 4538 4229 5062 5804 7100 2947 5331 4741 5289 3791 3117 2859 3874 3083 2677 2556 2180 4444 2069 3755 6518 2883 2076 2024 2197 2184 2228 2043 3056 2314 1663 1855 2388 2318 2119 2193 4550 1954 2117 1845 1965 1621 1882 2406 2893 1982 2069 1891 1632 8024 2086 1848 4239 2268 9550 2374 2191 1760 8135 2026 3560 2567 2904 2598 2229 1893 2053 10840 4054 2659 2590 2106 3065 2440 2045 6473 11225 1932 2877 1920 2231 14308 3008 1835 4096 1711 1625 1584 1571 1536 1565 1420 2600 52827 1925 3384 1684 3526 12298 2550 4046 2033 1395 1233 2350 2103 1756 2480 3403 1729 1888 1306 5675 1812 2318 20218 3497 1469 1118 770 1000 1426 1319 1196 2010 1077 866 1054 1188 737 3872 816 3552 1219 1046 918 1109 914 1033 1011 2006 851 1498 1666 1276 1529 3081 5449
lit 257 453 229887 20445 14559 7968 10602 5884 7266 4487 15570 3952 4271 3686 5563 4846 4415 3305 14929 4141 3410 3324 3813 3482 3675 3538 14378 4171 3365 3583 6153 3307 4652 2670 16858 2751 2721 2436 2786 2981 2879 3068 13753 2854 2460 2594 3102 2979 3966 2977 13782 3270 3071 2816 3039 2664 2569 2409 12506 2185 2107 2069 2502 2370 2583 3036 13683 3358 2606 2661 2998 2726 2426 2442 13210 2659 2254 2304 2879 2480 2603 2442 13202 2444 3095 3057 2988 2701 2285 2021 12053 2107 2192 2285 2742 2717 2571 4250 13590 7560 3512 4696 4778 7695 3308 3967 14220 6094 2349 2993 5092 4449 5276 6768 103615 25530 82828 14701 8715 5635 3571 3393 13359 3562 3446 2757 2649 4226 3095 5411 17140 5390 2770 2229 2744 2264 2293 2309 12723 2012 2111 2040 2618 2272 2745 2483 12610 2241 2552 2520 2650 2194 2593 2407 12205 2207 2197 1949 2428 1825 1915 2390 14488 3288 2692 2905 3595 4337 3299 2880 12864 4603 2918 2268 3026 2461 1928 2792 12170 2242 1746 2064 2904 2299 6633 2804 12480 2666 2617 2755 3039 2535 3738 3028 12824 3071 4374 11156 10684 4459 2974 3792 14100 3810 4403 12433 4427 3351 2961 2621 13585 3619 3451 2626 2776 2487 3123 4914 14413 4507 4139 2768 3025 3532 3985 2002 12950 2473 3285 3473 3532 3608 3677 2957 13156 4465 4785 3730 2691 2558 3428 2332 13483 3786 5714 4828 3184 3592 3322 6604 14291 1979 2655 2502 2761 2514 2449 6611
